Left_Mean,Left_Median,Left_Mode,Left_Covarience,Left_InterquartileRange,Left_StandardDeviation,Left_Range,Left_Skewness,Left_Kurtosis,Left_ShapeFactor,Left_PeakToPeak,Left_SpectralEntropy,Left_MainFreq,CoM_XMean,CoM_XStd,CoM_XRange,CoM_YMean,CoM_YStd,CoM_YRange,Left_NumberOfPeaks,Left_MeanDistanceBetweenPeaks,Left_MeanAmplitudeOfPeaks,Front_HeelMean,Front_HeelStd,Task,Var26,Var27
362.728637873754,393.7,0,52893.5043611384,299.685,229.985878612445,713.8,-0.325931547207397,2.0338430269853,0.0525060173206977,713.8,NaN,1,-0.016534430862287,9.87169068167956,30.5454399546828,2.37269818824073,4.1991302918287,16.8426237153517,0,0,0,1.35528392078041,0.457875223513328,Manual Handling,Sub9,R
364.292591362126,410.38,0,58142.9017552625,369.43,241.128392677558,768.38,-0.181908476641864,2.0202665257511,0.0523931886560624,768.38,0.0657582056017957,0.666666666666667,0.912193550533703,9.66363420487923,30.5648565204573,2.97580141853408,4.91422031798339,14.4121903952673,1,0,0,1.4363462649054,0.523414618038579,Manual Handling,Sub9,R
411.722491694352,411.72,0,81743.3489734374,546.0225,285.90793793359,787.03,-0.134051476345287,1.56928863457296,0.0492830643492982,787.03,NaN,1,-2.17504589510327,11.3355499073529,30.3081595845886,-0.0435733275675617,3.09096360511715,10.6699905504395,2,1.25,773.215,1.07104641862561,0.37615129184901,Manual Handling,Sub9,R
365.279933554817,383.24,7.14,23482.6956639956,106.3875,153.240646252865,750.15,-0.04169197734043,4.34935173302201,0.0523223320272777,750.15,0.0168685844804549,1.66666666666667,0.34757132858622,6.13252603496276,29.4954869280264,4.03218020206632,2.60664421757157,10.2563738085738,1,0,0,1.31349849555481,0.302115869317469,Manual Handling,Sub9,R
387.28146179402,391.68,0,67913.654207856,446.1325,260.602483119129,775.25,-0.0468255094873628,1.78124821952238,0.0508143817032519,775.25,0.0505366754078563,0.666666666666667,-0.617329734716099,10.114818504328,30.190125392645,2.9511478897853,4.18800535220813,15.6090266173608,2,1.13,768.63,1.45392463363731,0.497786545024114,Manual Handling,Sub9,R
443.316744186046,556.16,0,71065.9020386977,447.7725,266.581886178896,759.24,-0.435113701329051,1.67968689931934,0.0474944576235341,759.24,0.0654537684662152,0.666666666666667,-4.17665974876274,11.1310970801871,30.5564950071949,-1.01503803696697,3.38013418327388,10.6537246586106,2,1.2,747.52,0.976485567272511,0.258621360793236,Manual Handling,Sub9,R
315.514950166113,258.44,0,79137.4981664142,601.2375,281.313878375053,776.16,0.403240848687293,1.71967644355803,0.0562976191566965,776.16,0.077159453255239,0.666666666666667,1.87474461952019,11.4611481990855,30.3171157684631,-1.0444482921546,2.86227419675847,10.7860544037357,1,0,0,1.11490451304197,0.269871769958514,Manual Handling,Sub9,R
303.251196013289,288.96,204.6,6323.38670656478,134.2625,79.5197252671611,266.55,0.549197971876422,2.08907009459105,0.0574247005010697,266.55,0.00599071854977911,0.333333333333333,0.875983275691135,1.1594014187492,5.25885606066938,5.56835600058044,2.2046309127507,9.0121286956271,0,0,0,1.46643082290727,0.319286421280172,Manual Handling,Sub9,R
398.941594684385,428.86,0,74372.1229834485,589.71,272.712528101385,767.52,-0.234786628844063,1.69361986121218,0.0500662818983563,767.52,0.054996512929426,0.666666666666667,-1.08781224767392,10.9048312015901,30.1869122257053,2.20849240682365,3.9064315789206,15.2143887782512,1,0,0,1.29998794381787,0.506870557018465,Manual Handling,Sub9,R
354.203056478405,352.5,0,58224.2014592935,357.3,241.296915561085,756.24,-0.0161110357457223,1.91218943494017,0.0531341634958754,756.24,NaN,0.333333333333333,-1.18707657036892,10.5864179166383,30.4858774992066,0.286267759905162,4.67411393166941,17.7176703126212,1,0,0,1.06153529026619,0.470409653581639,Manual Handling,Sub9,R
253.884252491694,187.2,0,61190.6204185227,429.05,247.367379455179,743.15,0.658850384368899,2.13668884556111,0.0627598819463528,743.15,NaN,1,3.05157669616208,11.1358231664909,30.3994110464699,-0.688882813556224,2.92138367044795,14.1081661077441,1,0,0,1.01607942820925,0.253278869358596,Manual Handling,Sub9,R
332.423023255814,316.48,0,22876.7401518295,155.87,151.250587277635,708.44,-0.0304610907189725,3.85517417048248,0.0548471988884252,708.44,0.0291951240658176,1.33333333333333,1.42021322957586,6.11573389831574,30.4430003071725,1.48970991642835,3.62505003882445,11.3360792854964,2,1.41,609.545,1.13229339998922,0.342870038810374,Manual Handling,Sub9,R
389.862026578073,387.44,0,59780.0087848793,385.3525,244.499506717047,733.86,-0.118950200722305,1.79998330336798,0.0506459278543293,733.86,0.0765446060322457,0.666666666666667,-2.17927969958217,10.2464004370583,30.4436614708205,-0.734543307213985,2.3904125744532,8.77168940653748,2,1.16,731.1,0.939122357322406,0.244111869161039,Manual Handling,Sub9,R
322.692159468439,358.4,0,65355.7318089878,468.05,255.647671237169,773.76,0.153713223614824,1.75795764927035,0.0556680223992599,773.76,0.106019252259992,0.666666666666667,1.46337107125625,10.683776413791,30.0960689465144,1.78797258735412,2.77696130827655,9.42890873880651,1,0,0,1.20575392554041,0.357629774502433,Manual Handling,Sub9,R
336.446212624585,390.59,0,62394.6010589413,402.4325,249.789113171374,769.56,0.0589719023492066,1.92561375797245,0.0545182840539231,769.56,NaN,0.666666666666667,1.15849089415655,10.2719900950531,30.1730228642202,0.264529486627367,4.02762901693786,14.8428547186504,2,1.59,706.26,1.07420224753392,0.443873353576145,Manual Handling,Sub9,R
387.476976744186,418.88,0,76932.2182138295,620.655,277.366577319311,760.35,-0.167174253718718,1.62384798450109,0.0508015600061219,760.35,NaN,0.666666666666667,-0.767547610620186,11.3054707750682,30.5290668965787,0.960781026124193,3.69100662861427,13.3785097712525,1,0,0,1.12247623520378,0.347285698186579,Manual Handling,Sub9,R
325.943089700997,351.12,0,64895.2524720886,495.26,254.745466048149,752,0.186730042835966,1.82699913944937,0.0553897125049401,752,NaN,0.666666666666667,0.260050320107647,11.1008673085149,30.3273448587279,-1.29977943052243,2.14378751218425,8.91313056895943,2,1.39,699.56,0.879244277408547,0.212117283445615,Manual Handling,Sub9,R
432.916810631229,443.54,0,55891.9522504607,387.025,236.41478856125,774.8,-0.30714068735126,2.22025927373735,0.0480615502256937,774.8,0.050504494610827,1,-2.69666592055664,9.50550059608954,30.0153464185174,3.07019810334032,3.04293220892158,12.430736009932,2,2.1,763.4,1.38444757535309,0.314832441395183,Manual Handling,Sub9,R
368.076710963455,354.56,352,2045.21912414618,27.5725,45.2240989312798,213.1,2.07324653200224,7.3063156430298,0.0521231711632786,213.1,0.00579745022140884,-0.95278689206855,1.66187124660122,8.8386384124285,0.135045530190821,1.47791975000946,6.03944216401783,0.333333333333333,0,0,0,1.06448126456319,0.218741536720276,Pick & Place,Sub9,R
359.274518272425,344.1,319.2,1443.1804688505,59.7300000000001,37.9892151649715,129.72,0.901866516647206,2.30268718957725,0.0527578139647377,129.72,0.00555046708111623,-0.624625874466475,1.66067297163992,5.48356861471253,-0.399201866327674,0.738417631693615,2.57217940581363,0.333333333333333,0,0,0,0.994298719168378,0.0918142570860128,Pick & Place,Sub9,R
322.849767441861,321.93,313.72,93.8843869457364,14.5925,9.68939559238534,50.45,0.896502066770802,3.86874380653718,0.055654432804153,50.45,0.00565477932758598,0.952180525073999,0.495668692430667,2.16855715384013,-0.364224879534054,0.935114373310269,3.13056021057563,0.333333333333333,0,0,0,0.972612366668738,0.0486893160203042,Pick & Place,Sub9,R
355.112657807309,354.43,354.43,18.8626149125139,7.13499999999999,4.34311120195119,20.28,0.0901073752610069,2.34010812418298,0.0530660697605555,20.28,0.00568354025372629,-0.533377482711629,0.137799779933819,0.626935871541611,-1.10611280948046,0.244575405458721,1.07774207343487,0.666666666666667,0,0,0,0.957598828548815,0.0158707706192719,Pick & Place,Sub9,R
368.362724252492,364,361.76,1169.16816722038,14.92,34.1931011641292,167.64,1.23418492065149,4.84425310094508,0.05210293185355,167.64,0.00576293694614058,-1.348528285497,1.71019759013127,7.37051121102991,-1.7724282108549,0.71823291114369,2.43587054497126,0.666666666666667,0,0,0,0.90962179387077,0.0828128814674858,Pick & Place,Sub9,R
356.863853820598,349.32,376.74,1072.74634109856,30.5700000000001,32.7528066140684,157.94,0.999699875989474,4.17879155855397,0.0529357071945659,157.94,0.00580726012232672,-0.652934137425604,1.49346810981052,7.42994039007613,-1.15255920122544,1.17666771241266,4.15447864676146,0.666666666666667,0,0,0,0.907274951166069,0.0814552770527232,Pick & Place,Sub9,R
340.943920265781,341.76,339.3,49.2919252469546,7.49250000000001,7.02082083854549,47.84,-0.445807444094618,4.06184841100503,0.0541574895714657,47.84,0.00574817556494173,0.066488957128101,0.334746460256324,1.86846259598965,-1.18760390900571,0.493552440655633,2.21096297976986,0.333333333333333,0,0,0,0.928902824487516,0.0516988879499211,Pick & Place,Sub9,R
386.064418604651,383.16,371.28,489.781762077519,29.525,22.1310135799859,99.12,0.668897659157632,3.18137486060316,0.0508944132104524,99.12,0.00575435503642314,-1.98340658334961,1.01078353368752,4.23118200960274,-1.62525013529734,0.794624407966286,2.80087839364802,0.666666666666667,0,0,0,0.88364603073369,0.0861649721485746,Pick & Place,Sub9,R
348.799900332226,347.04,346.02,65.5501056566999,5.81999999999999,8.09630197415461,37.9,1.06256488433846,3.91638980832685,0.0535441247597421,37.9,0.00564255106229758,-0.287174899481857,0.327048721794314,1.62525115307552,-1.53765319243665,0.363008370114562,1.30152301436219,0.666666666666667,0,0,0,0.889126732640531,0.018286427236581,Pick & Place,Sub9,R
346.626046511628,346.5,346.5,26.5418593178295,7.5,5.15187920256575,28.23,-0.201399340446903,2.97432228709528,0.0537117624433901,28.23,0.00566305632395952,-0.279325344316748,0.21865893011387,0.935827704730593,-1.95595442419204,0.383962322795808,1.75198612135214,0.333333333333333,0,0,0,0.867259266865292,0.0278799054223241,Pick & Place,Sub9,R
316.321993355482,302.1,296.8,552.290344679956,43.2549999999999,23.5008583817689,70.9,0.753498846566857,1.83125068433448,0.0562257562641032,70.9,0.0056035526916667,1.23110520567495,1.00236250402638,3.06343333234695,-0.794287936668704,0.55701730033724,2.3147649504328,0.333333333333333,0,0,0,0.972043070902082,0.0402173594043252,Pick & Place,Sub9,R
317.000166112957,316.8,297,229.281326305648,27.0075,15.1420383801405,58.03,0.00464429738654366,1.66916590330758,0.0561655809143537,58.03,0.00581153809296504,1.29911017624552,0.679670852657506,2.30097145851103,0.104579701356067,0.551684431788174,1.89166189951479,0.333333333333333,0,0,0,1.0632129046333,0.0421739694505264,Pick & Place,Sub9,R
339.165681063123,339.24,333.96,272.056711284607,27.23,16.4941417262192,65.55,0.390867005432723,2.18725930148286,0.0542992773097234,65.55,0.00573299063407191,0.253174093470653,0.710323773602241,2.74525893175268,-0.639105418812146,0.737315488979472,2.86821786878822,0.333333333333333,0,0,0,0.992323554786203,0.075642190348515,Pick & Place,Sub9,R
350.119900332226,346.5,349.44,224.7599496567,17.28,14.9919961865223,76.34,1.76145445990007,6.51346766611497,0.0534430951022502,76.34,0.00584849712648501,-0.309299521477913,0.585019915503215,3.27542208689549,-0.903490148746949,0.701529919002784,2.66951813976502,0.666666666666667,0,0,0,0.968793986555938,0.0725373217955873,Pick & Place,Sub9,R
408.021362126246,411.84,417.96,1455.91951913843,52.8800000000001,38.1565134562689,140.34,-0.0135264308406716,2.14127955957625,0.049506081142323,140.34,0.00568461387139398,-2.69489521347284,1.52582429505663,5.3752711792957,-0.444259195806504,1.20478931776376,5.22573698428388,0.333333333333333,0,0,0,0.996743516164834,0.162046014798151,Pick & Place,Sub9,R
266.802790697674,265.99,276.9,1925.43039751938,35.3825,43.8797264977732,192.6,0.326282872567532,2.98309457429034,0.0612216198125326,192.6,0.00573724690011879,3.26942460325003,1.84525430542093,8.39299237072242,-1.88566087095475,1.14193601439577,3.88840558323444,0.333333333333333,0,0,0,0.895786885507324,0.0945514600474356,Pick & Place,Sub9,R
343.59438538206,328.73,323.76,1844.90872337099,54.17,42.9524006706376,165,1.00086099495717,2.87713333441014,0.0539482014757341,165,0.00580571270344246,-0.315830068037087,1.767706412926,7.08853763582532,-2.51911188302074,0.882631516176149,3.05416944515991,0.333333333333333,0,0,0,0.833191471369927,0.0677749934179552,Pick & Place,Sub9,R
362.537408637874,362.06,395.91,1702.21712059579,51.81,41.257934032084,213.67,-1.30750667839853,5.60874442672905,0.0525198632875274,213.67,0.00590847962782174,-1.0599002708562,1.71824248233625,8.83313210579516,-1.56495234855139,1.81789326933533,8.06741962384912,0.666666666666667,0,0,0,0.902004606913044,0.102254322344702,Pick & Place,Sub9,R
152.38634551495,162.36,184.5,1186.22453326689,54.58,34.4416104917713,155.18,-1.0277282815407,3.50464943870153,0.0810078252104101,155.18,0.00590578845439273,5.28730026934216,1.99503329298331,9.35452813692674,-3.23187216637488,1.850394575898,6.87757287848461,0.333333333333333,0,0,0,0.685130519745595,0.0539882381739536,Assembly,Sub9,R
165.750066445183,169.32,190,723.040173328904,42.9,26.8894063402096,105.1,0.248870542980942,2.35763651908299,0.077673548169336,105.1,0.00594408505898086,3.70027660205655,1.92698224586788,6.11190646148511,-3.52136548222287,1.16441913474086,3.99245012780791,0.666666666666667,0,0,0,0.665250015370968,0.0359404872069687,Assembly,Sub9,R
170.01,169.4,190,714.164441333333,40.305,26.723855285743,110.54,0.116841169503691,2.34965616067437,0.0766942432048729,110.54,0.00591574718321299,3.06086054798135,1.12642463232837,5.18207389510166,-3.51878237648224,0.843730277176856,3.43906827599453,0.333333333333333,0,0,0,0.660278124263036,0.036558722409115,Assembly,Sub9,R
201.202093023256,202.3,162.5,1044.22968127132,52.42,32.3145428757907,122.76,-0.500788208411307,2.29245175782385,0.0704991292407111,122.76,0.00585287237524906,2.5657187745712,2.55687442305193,8.79891217503154,-4.2928718512929,0.927888408348468,3.16269681932414,0.333333333333333,0,0,0,0.62056578022066,0.0394902036668171,Assembly,Sub9,R
169.406544850498,154.98,107.36,1759.96529135548,72.65,41.9519402573407,136.86,0.27142260733234,1.64160260166648,0.0768307207937245,136.86,0.00609131791574474,3.57750027109939,4.45005754428617,13.0852991020221,-3.422767673214,1.3753296239927,4.71999331879685,0.333333333333333,0,0,0,0.665477451701608,0.0529122303286361,Assembly,Sub9,R
186.793720930233,198.66,201.72,2510.48946944186,73.0675,50.104784895675,185.06,-0.180618230087861,2.26664612910944,0.0731676090193105,185.06,0.00573912990602233,2.78414458846959,4.95804062658529,14.2632683285368,-3.81190693245505,1.58507431290256,4.64360089285369,0.333333333333333,0,0,0,0.64769060701688,0.0623408529662884,Assembly,Sub9,R
202.877275747508,181.7,144.55,4441.53010588704,124.0175,66.6448055431707,212.67,0.509068276389245,1.82786785869634,0.0702074659087386,212.67,0.00567964111207804,1.49361250820572,5.82670918038733,17.273025489117,-2.55649057959599,2.54954748944895,7.24144513623162,0.333333333333333,1,0,0,0.629698485821514,0.0711800742520527,Assembly,Sub9,R
173.663289036545,169.74,214.72,2700.11673747951,95.2,51.9626475218451,164.22,0.171758502450995,1.61310178369499,0.0758832615389555,164.22,0.00559631808594656,3.67590888181902,4.99026783627352,15.5131248483785,-2.38079940405143,1.98577599801696,6.03457450190884,0.333333333333333,0,0,0,0.673797481409237,0.0541493999186512,Assembly,Sub9,R
171.148936877076,165,165,538.341344199336,29.82,23.2021840394247,102.84,0.68258177417785,2.96701530706263,0.0764386304332554,102.84,0.00590382164146533,2.68616096167083,2.98219632963914,11.5525032588336,-2.79340744295175,1.60671408698629,5.54164555003243,1,0,0,0,0.660210108115578,0.0276735079470906,Assembly,Sub9,R
148.978272425249,152.09,157.44,639.470357005537,25.2975,25.2877511259016,102.74,-0.145642815666383,2.53027342931555,0.0819291658337,102.74,0.00584105300794432,5.07153105788063,2.36151118575764,8.21877452037093,-2.22301445537803,1.83428745270106,6.38179572955994,0.333333333333333,0,0,0,0.688113719595663,0.0371800963544194,Assembly,Sub9,R
164.041661129568,159.87,190,1608.32633256478,57.865,40.1039441023546,142.68,0.331055097080806,2.13968930143448,0.0780769645784884,142.68,0.00571314819998593,4.9098398154276,1.86669328528018,7.28000830745055,-2.40064109484486,1.62647891391898,5.06956176353767,0.666666666666667,0,0,0,0.669424347830718,0.0539117813899066,Assembly,Sub9,R
152.065348837209,152.09,142.19,488.808464294574,25.03,22.1090131913338,90.1,-0.431946989132974,2.84836180750866,0.0810932803610507,90.1,0.00568950139806876,5.25160601920341,1.13269412111865,4.37705652098552,-3.00281474708074,0.825126642618906,2.92001762823512,0.666666666666667,0,0,0,0.683203514351549,0.0324390525463683,Assembly,Sub9,R
188.450398671096,184.8,159.9,1917.69113317387,67.0225,43.791450457525,157.8,0.339593353440998,2.04031122514626,0.0728452888497288,157.8,0.005606209232346,1.68555881918218,4.29453261301716,12.7279276867193,-3.67186872568872,1.39807504913093,4.37176191828656,0.333333333333333,0,0,0,0.638416826133507,0.0536829597554335,Assembly,Sub9,R
198.5626910299,196.71,182.04,283.681937734219,22.145,16.8428601411464,78.1,0.814613693127958,3.28628957813057,0.0709661385846592,78.1,0.00563915058924006,0.185469075423001,3.10694244210049,11.1377617656179,-4.30785722750391,0.635942457681653,2.32643463955508,0.666666666666667,0,0,0,0.630012033580677,0.0237276913080711,Assembly,Sub9,R
156.983720930232,149.73,174.66,941.472992108527,46.52,30.6834318828342,105.28,0.506565048242208,2.04398170832161,0.0798128263838667,105.28,0.00586374983384271,4.75540540677117,2.0882166246057,7.22109826831844,-2.91504541315535,1.36782479357352,4.0149695671459,0.333333333333333,0,0,0,0.677414901820013,0.0419090955163883,Assembly,Sub9,R
138.111993355482,137.28,144.55,979.835236679956,54.575,31.3023199887797,115.1,0.445691418123519,2.17008072002331,0.085091132391865,115.1,0.00590246801593994,6.2508084264542,1.6109459813207,5.89460736862995,-2.28465978051766,1.69422038884765,5.29469105616957,0.333333333333333,0,0,0,0.70534068295081,0.0465022607255026,Assembly,Sub9,R
178.849435215947,177.39,147,455.461295346622,29.88,21.3415391981605,85.3,0.297317452198816,2.36910828423938,0.0747749641490092,85.3,0.0057535445542777,2.47942072444984,2.45788286593274,9.39409947472555,-4.80139219537444,0.667937524193145,2.3332363619366,1,0,0,0,0.649582158037157,0.0278668586075834,Assembly,Sub9,R
166.519136212625,174.66,179.58,480.685342584718,30.15,21.9245374542935,92.39,-0.567157532147335,2.45893538616537,0.07749397268047,92.39,0.00581355714900165,4.23669873678671,1.20108583318204,4.5713076383252,-3.38236553284542,1.19835310330039,3.62789505349005,0.333333333333333,0,0,0,0.66303979296551,0.0304002290237108,Assembly,Sub9,R
371.966810631229,435.69,0,109157.033091127,645.535,330.389214550244,897.84,0.0408720276576305,1.35837105831622,0.0518498977792137,897.84,0.105251274424927,-0.1033963718471,13.2348148777826,30.660491359695,1.51708961230049,5.03655753230365,16.7087491036636,1,1,0,0,1.47601944084983,0.948151277019268,Walking,Sub9,R
330.13073089701,382.16,0,89236.6701247974,608.82,298.725074482872,796.74,-0.00467389397915078,1.23287515923709,0.0550372877085264,796.74,0.105368141467508,0.240651387041028,13.3642019608409,30.6068796068796,1.96927287304109,5.02898147561015,17.4198886208854,1,3,1.105,823.38,1.22516134885573,0.725325283085092,Walking,Sub9,R
363.27049833887,424.96,0,102448.579718084,637.7,320.075896808998,878.85,-0.0108219839054801,1.28529078804727,0.0524668432720317,878.85,0.0666274047150982,-0.0979712819400831,13.2932607568034,30.6938322368421,1.3553712952928,4.94299223140715,15.6838426527958,0.666666666666667,2,1.38,793.67,1.38742420156241,0.848670299289805,Walking,Sub9,R
310.65634551495,239.68,0,93901.8578279335,607.055,306.434100302061,844.25,0.270504805257559,1.39144404763528,0.0567361530542596,844.25,0.0765162229968807,2.2458977877382,12.6339171656683,30.5595258571265,0.727319586532061,4.39808743714619,15.2925683197112,1,2,1.2,861.55,1.24850955710689,0.757639663647875,Walking,Sub9,R
406.165315614618,589,0,92365.6004376501,643.4575,303.91709467822,806.4,-0.348754921745961,1.37007594282483,0.0496190657484067,806.4,0.0828368214798316,-2.27113157397113,12.9607672037748,30.4378728323699,1.36211254478216,4.12558982073459,14.5364964418147,0.666666666666667,3,1.22,800.333333333333,1.34198692415279,0.77355068394851,Walking,Sub9,R
346.595348837209,351.5,5,96527.3478882946,614.08,310.688506205644,833.04,0.0823876763194791,1.31798141087234,0.0537141409947675,833.04,0.0325269631993441,0.47065172042529,13.0573949320946,30.4091510115048,0.692529471160289,4.65980941396207,16.1923642875767,0.666666666666667,2,1.26,808.595,1.32177492097983,0.841210368480285,Walking,Sub9,R
290.175581395349,47.26,0,100888.780436078,612.92,317.629942599997,826.36,0.38402936622707,1.35285251150981,0.0587042533048801,826.36,0.102538155624001,2.91666039794587,13.1327184574663,30.617615915913,1.69681137370047,4.66865115393166,16.1514731619222,0.666666666666667,2,1.21,822.87,1.25396055761923,0.743257106301475,Walking,Sub9,R
405.627906976744,575.24,4.98,88432.3321346047,630.9375,297.375742343932,842.34,-0.323177058256103,1.44178683167783,0.0496519245430069,842.34,0.0246227005210813,-2.43146875221111,12.8725750094959,30.4666763997372,1.59163057587756,4.5798876652418,16.0910708500283,0.666666666666667,3,1.29,818.4,1.2280743680515,0.777458246461307,Walking,Sub9,R
349.883887043189,336.95,0,100362.136848507,628.83,316.799837197728,837.98,0.101148506647218,1.30859556813215,0.0534611170157641,837.98,0.0586152060978652,0.819225649920825,12.8234038240722,30.5922430176129,1.07416899399258,4.26336237067499,14.5170180886652,0.666666666666667,2,1.22,830.155,1.36701380578862,0.804638371103724,Walking,Sub9,R
360.520797342193,416.24,4.98,89489.8055660288,627.98,299.14846743052,820.82,-0.0942608357717157,1.29238531428132,0.0526665461632584,820.82,0.0343887337956389,-0.581173694334571,12.8671461386938,30.5262857142857,1.70216879647045,4.36493594626324,15.1471484019019,1,3,1.235,809.013333333333,1.15166295434796,0.710512402874956,Walking,Sub9,R
378.042159468439,526.7,10,99345.6564203212,646.88,315.191459941923,821.57,-0.126066714409481,1.25537180823624,0.051431581908399,821.57,0.0214360337693535,-0.873531546413959,13.2846222515668,30.3246511483435,2.27620937044165,4.70554466134143,15.5029492197387,0.666666666666667,2,1.45,791.75,1.40433484629299,0.813873015456961,Walking,Sub9,R
316.833122923588,278.72,0,92640.5166642148,601.665,304.369046823449,795.96,0.165832661678219,1.28418183320784,0.0561803849875283,795.96,0.0833976451713099,1.46832089691603,13.1531110681985,30.505877034358,-0.0811241390983345,4.11495993797452,15.1490887284029,0.666666666666667,2,1.3,804.39,1.2307763870398,0.732244164479565,Walking,Sub9,R
359.553322259136,427.35,10,93130.6000275925,621.19,305.173065698125,831.58,-0.0450726689354046,1.29131876630871,0.0527373553283122,831.58,0.0255905670823172,-0.0854252209394005,12.7516132520865,30.164166501744,1.85427760153844,4.53196494533204,15.8681130205767,0.666666666666667,3,1.28,811.983333333333,1.1925077940466,0.744909910066012,Walking,Sub9,R
397.646279069768,542.05,0,99648.7601541085,649.4175,315.671918539024,837.98,-0.192923355559704,1.32833258328824,0.0501477599771285,837.98,0.083936545026531,-1.08048800343308,12.8104539441319,30.149818915471,2.12372194384956,4.32743805903393,14.4847561404305,1,2,1.22000000000001,828.49,1.48879976068352,0.856537368144106,Walking,Sub9,R
309.334850498339,193.44,7.48,96786.6176497276,635.375,311.105476727311,812.16,0.287537297481816,1.32163585429641,0.0568572138368401,812.16,0.0302915828317829,2.11524250799183,12.9187173402537,30.2095137236805,1.57986769916716,4.68977548823929,16.7814008788981,0.666666666666667,2,1.19,817.8,1.24265065622285,0.757382120928105,Walking,Sub9,R
391.520664451827,565.6,15,95114.3422622237,641.145,308.406132011385,835.38,-0.219280092006088,1.32738780985861,0.0505385358077404,835.38,0.041401675069525,-1.56535872320354,12.9747352791523,30.401290859427,1.50585692400395,5.31755913885367,17.6586885753978,0.666666666666667,3,1.29,819.833333333333,1.29101715976402,0.876089542633873,Walking,Sub9,R
353.742491694352,446.88,0,87644.2511087708,620.4125,296.047717621283,783.99,-0.132436502913833,1.2581736545321,0.0531687419885401,783.99,NaN,-0.0548372011976983,12.8499668330245,30.6204441579749,0.0454061990687747,3.82040339256695,14.3296273018467,0.666666666666667,2,1.33,710.06,1.22324700276577,0.681879458435852,Walking,Sub9,R
299.847973421927,195.8,0,94230.196363546,607.1625,306.969373657285,838.11,0.305608713714796,1.38989220168337,0.0577496612455097,838.11,NaN,2.43843671243095,12.8583026861425,30.3411977978516,0.926856612605155,4.31387238475578,15.4278662151515,0.666666666666667,2,1.32,806.535,1.19233930208805,0.740980758246654,Walking,Sub9,R
352.956212624585,356.32,356.73,147.212554941307,12.4575,12.1331181046468,62.56,-1.57020586521134,5.7727527386877,0.0532279309345442,62.56,0.00569026886038955,-0.115063352972249,0.500471423164545,2.40059635127036,-0.59294270509233,0.466271986831812,1.62687529079555,0.666666666666667,0,0,0,0.943831863215645,0.0378004338835664,Standing,Sub9,R
352.226611295681,352.17,349.65,43.092733145072,7.01999999999998,6.5645055522158,40.64,-0.336409899404644,4.38809146558393,0.0532830305180699,40.64,0.00562084500896761,-0.047668524607778,0.252579128626416,1.68847054595422,-0.250657558569281,0.411305539292029,1.83933880773198,0.666666666666667,0,0,0,0.937680509905391,0.0337181988795039,Standing,Sub9,R
345.513920265781,346.02,341.28,130.716946580288,14.2574999999999,11.4331512095436,60.28,0.0516302259048163,2.8856087119192,0.0537981356209535,60.28,0.00579148639325417,0.0956380920594978,0.506070133310945,2.32270911267067,-0.696212227741898,1.02808014554604,3.92638095482947,1.33333333333333,0,0,0,0.893810292767489,0.0597224768343407,Standing,Sub9,R
364.278504983389,366.48,367.07,113.222692757475,12.6300000000001,10.6406152433717,48.44,-0.662337772988541,2.94813403964353,0.05239420164908,48.44,0.00580931551191027,-0.62930865484255,0.530687772012281,2.26719151700581,-0.556498535650087,0.625797965907534,3.10439776128875,0.333333333333333,0,0,0,0.89686904352834,0.0453618036306183,Standing,Sub9,R
389.390365448505,386.59,406.26,243.775205532669,25.54,15.6133021982113,59.93,0.423043054042663,2.10380325938571,0.0506765917951363,59.93,0.00557025214515095,-1.49820074556872,0.43461050989697,1.62841914528854,-0.151603776381866,0.975206950002824,3.75664843480484,0.333333333333333,0,0,0,0.945497176262845,0.0963768687682776,Standing,Sub9,R
368.96707641196,366.8,366.52,78.0842667574751,14.49,8.83653024424605,38.52,0.25453828249821,2.19412054230088,0.0520602431881184,38.52,0.00561311225459229,-0.661977080695236,0.29059164683542,1.1425337174196,-0.364262661843584,0.396307875911449,1.40923049093418,0.333333333333333,0,0,0,0.941142519094358,0.0272175090090834,Standing,Sub9,R
371.826611295681,371.96,364.23,50.4132218117387,10.64,7.1002268845255,30.86,-0.0367784795074182,2.21785866953236,0.051859672007161,30.86,0.00565492820401251,-0.74456062240329,0.186344002164875,0.896595563725182,-0.243890510379728,0.396149198732729,1.48436333606762,0.666666666666667,0,0,0,0.956948010892283,0.0359770650151588,Standing,Sub9,R
364.053056478405,364.48,369.15,44.4932732934662,8.06999999999999,6.67032782503726,34.68,-0.292570742687314,2.97175218638335,0.052410422315329,34.68,0.00569231276957604,-0.4004199602853,0.232565843924406,1.07020233720183,-0.235072860214598,0.155503481430457,0.667760294712025,0.333333333333333,0,0,0,0.94510083166724,0.0142629814383298,Standing,Sub9,R
368.060265780731,368.64,368.65,12.1771165957918,2.99000000000001,3.48957255201719,20.88,-0.0104266001455568,3.10212341207753,0.0521243355996211,20.88,0.00573360741260929,-0.665083788742812,0.110900920802438,0.62474294533584,-0.601092440212434,0.170921780624799,0.712520377098761,0.333333333333333,0,0,0,0.915982701625307,0.0110021215185255,Standing,Sub9,R
363.322126245847,363.63,361.56,21.7956227973422,5.31,4.66857824153587,24.9,-0.134109166258156,3.05391801710426,0.0524631153824495,24.9,0.0056654883035785,-0.419687544246791,0.150129005487916,0.773432174111594,-0.389102943780259,0.190283961744077,0.770411005423946,0.666666666666667,0,0,0,0.934585633602731,0.00985062566072973,Standing,Sub9,R
355.445880398671,356.32,351.9,26.2442649723146,7.20500000000004,5.12291567101339,26.79,-0.294697596277989,2.82359667892725,0.0530411897992042,26.79,0.00558945904941946,-0.109986097914671,0.178217968010905,1.04313542293122,-0.428227210996954,0.236760372917117,0.97969209315771,0.666666666666667,0,0,0,0.931248564468164,0.0127550051442822,Standing,Sub9,R
367.922591362126,367.19,367.04,20.7148199291251,7.06,4.55135363701011,25.54,0.0717095597428502,2.69788089136703,0.0521340869937612,25.54,0.00562774293494247,-0.689790789427174,0.141244902760116,0.599203428915036,-0.663393170007477,0.306528979538917,1.19372843046187,0.333333333333333,0,0,0,0.913076536378267,0.0209245779696432,Standing,Sub9,R
366.606245847176,366.49,364.23,19.9847175260244,5.60000000000002,4.47042699593947,22.8,0.312222352018163,2.51506761351968,0.0522276001018118,22.8,0.00565160824533205,-0.578680202757433,0.127405248607651,0.577563912910901,-0.49096877926431,0.248877876620323,0.879926108742293,0.666666666666667,0,0,0,0.930605515847146,0.0177163087621742,Standing,Sub9,R
364.277774086379,364.27,364.32,5.46398402879292,1.13999999999999,2.33751663711575,13.97,0.510332686605782,3.69421641446509,0.052394254211642,13.97,0.00565268390432037,-0.563535307036607,0.0981576488579365,0.514313955594864,-0.782980598371434,0.128652393356946,0.554789787554548,13.3333333333333,0,0,0,0.910645900039175,0.00865118792673387,Standing,Sub9,R
368.64292358804,369.15,366.8,19.0551074241418,5.52000000000004,4.36521562172383,23.08,0.0621567678544028,2.66703309719599,0.052083126804871,23.08,0.00577182771884011,-0.604553221495967,0.128649454257126,0.545007181776023,-0.320119033918135,0.211820374558966,0.813319979616926,0.333333333333333,0,0,0,0.94536125653292,0.0155411275256136,Standing,Sub9,R
368.017209302326,366.49,366.39,28.9119688527132,7.32999999999998,5.37698510809851,25.21,0.762315868972777,2.84715698857783,0.0521273846753628,25.21,0.00566680784411786,-0.626644467468717,0.209117492561631,0.943156054511292,-0.457364171365715,0.163192988880791,0.707796888555977,0.333333333333333,0,0,0,0.932821710756013,0.0141797852672033,Standing,Sub9,R
370.289401993356,370.92,374.4,16.812525641196,6.59999999999997,4.10030799345561,20.17,-0.0479740061023139,2.66561289966021,0.0519672049328805,20.17,0.00569143989622734,-0.511333426579175,0.210197027751271,0.856637700512893,0.321506960583904,0.393163468247398,1.3549657631548,0.333333333333333,0,0,0,0.990564090892497,0.029167739835712,Standing,Sub9,R
367.243887043189,366.96,369.2,8.59260317386487,4.88,2.93131424004061,17.3,0.384314822405935,3.47246988696657,0.0521822393227723,17.3,0.00568066204883546,-0.421882661319913,0.0777853182446981,0.421868766728472,0.208009808378854,0.147559516331233,0.592433738842115,0.666666666666667,0,0,0,0.972705769884329,0.0113296277056724,Standing,Sub9,R
